1 3 3 3 3 94 3 3 3 3 1
1 3 3 3 3 91 3 3 3 3 1
1 3 3 3 3 0 3 3 3 3 1
1 3 3 3 3 17 3 3 3 3 1
1 3 3 3 3 16 3 3 3 3 1
1 3 3 3 3 15 3 3 3 3 1
1 1 3 3 3 0 3 3 3 1 1
1 1 1 1 1 96 1 1 1 1 1
2 1 2 1 44 0 0 1 2 1 2
2 2 2 2 2 0 2 2 2 2 2
2 2 2 2 2 96 2 2 2 2 2

94 0 15 101 102 101 0 0 0 0 0
1 1 1 1 1 1 1 1 1 1 0
18 0 113 91 0 1 18 15 18 1 0
15 113 11 1 0 1 18 15 18 1 0
1 91 1 1 0 1 1 1 103 1 0
0 114 0 1 0 91 109 101 105 1 0
15 0 12 1 0 1 1 1 1 1 0
1 91 1 1 0 0 0 0 0 0 0
0 114 0 1 1 93 1 1 1 91 1
18 19 15 1 17 0 40 1 15 117 16
18 16 15 1 0 95 0 1 15 15 15

95 1 0 127 0 1 11 12 15 17 1
0 1 12 1 19 1 11 12 15 16 1
0 1 15 1 15 1 11 12 15 126 1
0 1 15 1 15 1 1 1 1 91 1
0 1 0 1 0 0 0 91 0 0 1
0 1 91 1 1 91 1 1 91 1 1
0 96 0 0 0 0 1 0 126 0 1
0 1 91 1 1 92 1 97 1 97 1
0 1 15 1 19 18 1 0 1 0 1
0 1 15 1 19 18 1 0 1 0 1
94 1 11 1 19 18 1 41 1 42 1

20 102 15 1 81 47 83 1 1 1 1
102 15 0 1 0 0 0 1 0 105 0
15 113 0 1 1 91 1 1 0 1 0
1 91 1 1 0 113 0 1 15 1 102
0 0 0 1 1 1 0 1 15 1 105
101 1 0 105 102 105 0 1 15 1 102
101 1 1 1 1 1 0 0 0 1 0
0 0 0 0 0 1 1 91 1 1 0
1 1 1 1 105 1 105 0 105 1 0
1 0 0 0 0 1 12 105 15 1 0
95 0 1 1 1 1 11 13 19 1 94

0 103 0 1 0 43 0 1 0 103 0
91 1 91 1 0 0 0 1 91 1 91
0 1 0 1 1 97 1 1 0 1 0
0 1 113 1 106 107 106 1 113 1 0
105 1 18 1 12 106 12 1 18 1 105
105 1 18 1 1 93 1 1 18 1 105
102 1 0 1 117 121 117 1 0 1 102
0 1 0 1 11 117 11 1 0 1 0
0 1 0 1 1 92 1 1 0 1 0
0 1 0 1 15 0 15 1 0 1 0
94 1 0 103 0 0 0 103 0 1 95

14 1 18 1 19 109 0 0 109 15 16
0 1 11 1 109 0 0 0 0 109 15
106 1 0 1 114 0 1 1 91 1 1
0 91 109 1 21 114 1 0 117 114 46
106 1 0 1 1 1 1 0 0 0 114
11 1 0 0 0 105 113 0 0 0 0
12 1 1 103 1 1 1 1 0 0 0
0 45 1 103 1 0 0 0 117 121 0
1 1 1 105 1 91 1 92 1 91 1
0 0 1 0 1 105 1 12 91 0 1
95 0 105 0 0 0 1 15 1 94 1

23 115 1 12 1 15 104 22 1 19 19
115 15 1 11 1 0 15 104 1 119 19
15 107 92 0 92 107 0 15 1 0 119
0 0 1 121 1 0 0 0 1 118 0
1 1 1 93 1 1 1 1 1 91 1
0 0 110 0 15 15 15 0 110 0 0
0 1 1 1 1 1 1 1 1 1 1
0 1 106 91 106 0 0 0 0 0 1
0 1 91 1 91 1 1 1 1 92 1
0 1 106 1 0 0 1 1 0 0 1 
0 0 0 1 94 0 91 91 0 95 1

94 0 0 0 0 0 0 0 1 1 56
1 1 0 107 1 92 1 115 0 1 0
1 0 107 12 1 130 1 11 115 0 0
0 0 1 1 1 96 1 1 1 0 0
0 0 92 130 97 24 96 130 92 0 0
0 1 1 1 1 96 1 1 1 1 0
0 1 18 11 1 130 1 12 18 1 0
0 1 15 18 1 92 1 18 15 1 0
0 1 1 16 16 19 16 16 1 1 0
0 0 1 1 1 93 1 1 1 0 0
1 0 0 91 95 0 0 91 0 0 1

95 1 0 0 0 0 1 0 15 115 0
0 1 0 1 1 91 1 91 1 1 0
0 1 0 1 0 0 92 0 0 1 11
0 1 0 1 111 1 1 1 106 1 103
106 1 0 1 18 1 94 0 0 1 103
107 1 12 1 18 1 1 1 1 1 0
106 1 103 1 0 0 0 1 0 107 0
0 1 103 1 1 1 121 1 91 1 1
0 1 0 115 0 1 115 1 0 0 0
0 1 1 1 91 1 0 1 1 1 0
0 0 111 0 0 1 0 104 130 104 0

27 15 0 1 1 1 0 0 0 1 0
15 0 118 91 0 0 0 1 0 91 115
1 91 1 1 0 1 1 1 0 1 15
0 0 0 1 0 1 0 0 0 1 16
0 0 0 93 0 1 95 1 0 1 18
1 92 1 1 0 1 1 1 0 1 1
12 112 11 1 111 1 94 1 0 1 18
1 91 1 1 0 0 0 91 0 1 16
115 18 115 1 1 92 1 1 0 1 15
16 115 18 1 119 111 119 1 0 91 115
25 16 115 91 19 119 19 1 58 1 0

55 1 1 12 118 1 118 11 1 1 207
0 0 1 1 91 1 91 1 1 0 119
0 0 0 0 0 1 0 0 0 119 19
0 1 0 1 1 1 1 1 0 1 1
106 1 0 0 15 15 15 0 0 1 12
107 1 0 1 1 1 1 91 1 1 11
106 1 0 97 0 95 1 0 91 126 0
0 1 1 1 1 1 1 91 1 1 0
0 1 18 12 11 1 0 107 0 1 14
0 1 18 12 11 93 111 1 111 1 18
94 1 18 12 11 1 16 1 16 1 19

18 1 15 1 16 1 17 1 19 26 19
18 1 15 1 16 1 17 1 122 123 122
18 1 15 1 16 1 17 1 0 122 0
91 1 91 1 91 1 91 1 1 92 1
0 0 0 0 0 1 0 0 0 0 0
91 1 1 92 1 1 1 92 1 1 91
12 1 0 122 19 124 19 122 0 1 11
12 1 118 1 1 1 1 1 118 1 11
12 1 118 1 81 48 83 1 118 1 11
1 1 93 1 18 0 18 1 93 1 1
95 0 0 10 0 0 0 10 0 0 94

50 12 1 0 126 127 126 0 1 19 28
11 0 1 0 1 91 1 0 1 0 19
0 0 1 0 1 127 1 0 1 0 0
0 124 1 0 1 15 1 0 1 112 0
124 125 1 0 1 15 1 0 1 131 112
1 92 1 0 1 18 1 0 1 92 1
0 0 0 0 1 18 1 0 0 0 0
1 1 1 0 1 1 1 0 1 1 1
12 124 91 122 122 123 122 122 91 124 11
1 1 1 1 1 92 1 1 1 1 1
94 0 10 0 10 0 10 0 10 0 95

0 124 0 0 0 0 0 1 0 125 0
0 1 1 1 1 1 91 1 0 1 0
0 1 0 0 122 0 0 1 0 1 0
19 1 93 1 1 1 0 1 0 1 0
126 1 0 0 125 1 122 1 11 1 0
127 1 0 116 96 1 123 1 11 1 0
126 1 125 97 49 1 122 1 11 1 12
0 1 1 1 1 1 0 1 0 1 12
0 126 0 1 0 0 0 125 0 1 12
1 1 0 1 19 1 1 1 1 1 0
95 0 0 92 0 94 1 29 116 91 0

1 0 128 14 94 0 0 0 0 0 1
1 112 19 1 1 1 1 1 19 112 1
1 0 1 1 1 1 1 1 1 0 1
1 0 1 1 1 30 1 1 1 0 1
1 0 1 1 1 97 1 1 1 0 1
1 112 18 1 1 125 1 1 18 112 1
1 0 3 3 1 116 1 3 3 0 1
1 0 3 3 1 125 1 3 3 0 1
1 0 3 3 1 92 1 3 3 0 1
1 122 123 122 92 0 92 122 123 122 1
1 1 1 1 1 95 1 1 1 1 1

0 0 0 0 95 3 94 0 0 0 0
0 3 3 3 3 3 3 3 3 3 0
0 3 3 1 1 1 1 1 3 3 0
10 3 1 1 53 1 54 1 1 3 10
0 3 1 1 12 1 11 1 1 3 0
112 3 1 1 12 1 11 1 1 3 112
0 3 3 1 10 1 10 1 3 3 0
0 3 3 1 91 1 91 1 3 3 0
10 3 3 3 0 0 0 3 3 3 10
0 3 3 3 3 93 3 3 3 3 0
0 112 0 10 0 112 0 10 0 112 0

3 3 3 3 3 0 95 3 3 3 3
3 3 3 3 3 0 3 3 3 3 3
3 3 3 3 3 0 3 3 3 3 3
3 3 3 3 1 93 1 3 3 3 3
3 3 3 1 1 0 1 1 3 3 3
3 3 3 1 1 129 1 1 3 3 3
3 3 3 1 1 0 1 1 3 3 3
3 3 3 1 1 94 1 1 3 3 3
3 3 3 3 1 1 1 3 3 3 3
3 3 3 3 3 3 3 3 3 3 3
3 3 3 3 3 3 3 3 3 3 3

3 139 136 0 10 0 112 0 10 0 148
3 136 3 3 3 3 3 3 3 3 0
3 0 3 148 0 0 10 0 0 0 139
3 0 3 0 3 3 3 3 3 3 3
3 10 3 0 3 148 0 10 0 148 3
3 0 3 120 0 0 3 3 3 0 3
3 0 3 3 3 3 3 139 0 136 3 
3 136 3 3 3 95 3 0 3 3 3
3 139 136 0 120 0 3 136 0 0 148
3 3 3 3 3 3 3 3 3 3 0
94 0 112 0 120 0 10 0 10 0 139

3 3 3 3 3 3 3 3 3 3 3
3 3 3 3 3 3 3 3 3 3 3
3 3 3 3 3 3 3 3 3 3 3
3 3 3 3 1 1 1 3 3 3 3
3 3 3 1 1 51 1 1 3 3 3
3 3 3 1 1 96 1 1 3 3 3
3 3 3 1 1 93 1 1 3 3 3
3 3 3 3 1 93 1 3 3 3 3
3 3 3 3 3 92 3 3 3 3 3
3 3 3 3 3 92 3 3 3 3 3
95 91 91 91 91 91 91 91 91 96 94 

0 0 0 0 0 0 0 0 0 0 0
0 3 0 3 3 3 3 3 0 3 0
0 3 0 3 3 3 3 3 0 3 0
0 3 0 3 3 94 3 3 0 3 0
0 3 0 3 3 0 3 3 0 3 0
0 3 149 3 3 0 3 3 149 3 0
0 3 97 3 3 108 3 3 97 3 0
0 3 31 3 3 0 3 3 32 3 0
0 3 3 3 3 0 3 3 3 3 0
0 3 3 3 3 0 3 3 3 3 0
0 0 0 0 0 0 0 0 0 0 95

120 11 130 18 136 17 136 18 130 11 120
19 3 15 3 16 3 16 3 15 3 19
3 12 130 0 148 0 148 0 130 12 3
18 3 15 3 0 95 0 3 15 3 18
136 16 148 0 0 57 0 0 148 16 136
17 3 0 3 0 3 0 3 0 3 17
136 16 148 0 0 96 0 0 148 16 136
18 3 15 3 96 94 96 3 15 3 18
3 12 130 0 148 96 148 0 130 12 3
19 3 15 3 16 3 16 3 15 3 19
120 11 130 18 136 17 136 18 130 11 120

3 3 3 3 3 52 3 3 3 3 3
3 3 0 0 3 138 3 0 0 3 3
3 0 0 3 3 147 3 3 0 0 3
3 0 0 0 3 146 3 0 0 0 3
3 3 0 0 0 131 0 0 0 3 3
3 3 0 0 0 0 0 0 0 3 3
3 3 3 0 0 3 0 0 3 3 3
3 3 3 3 96 95 96 3 3 3 3
3 3 3 3 3 3 3 3 3 3 3
3 3 3 3 3 3 3 3 3 3 3
3 3 3 3 3 3 3 3 3 3 3







207 1 207 207 207 207 207 207 1 61 208
207 207 207 1 1 207 1 207 207 1 96
207 1 1 207 1 207 1 207 1 1 206
1 1 207 207 1 207 1 207 207 207 207
207 207 207 1 207 207 1 1 1 1 207
207 1 207 207 207 1 207 207 207 1 207
207 1 207 1 207 1 207 1 207 207 207
207 1 1 207 207 1 207 207 1 1 1
207 207 207 1 1 1 1 207 207 207 207
207 1 207 207 207 207 207 1 1 1 1
1 207 207 1 207 1 207 207 207 96 94

94 96 201 1 201 201 1 201 201 201 201
1 201 201 201 201 201 1 201 201 201 201
201 201 201 201 201 201 1 201 201 201 201
201 201 201 201 201 1 201 201 1 201 201
1 1 201 201 1 201 0 201 1 201 1
201 201 201 1 201 1 201 201 1 201 201
201 201 201 1 0 201 1 201 1 201 201
201 1 1 201 201 201 1 201 1 201 201
201 201 1 201 1 201 1 201 1 201 201
201 201 1 201 201 0 201 0 1 201 1
201 201 201 201 1 201 1 201 62 0 95

95 0 0 0 0 0 0 0 0 0 0
63 0 0 0 0 0 0 0 0 0 0
0 0 0 0 0 0 0 0 0 0 0
4 4 4 4 4 4 4 206 4 4 4
209 4 202 202 202 4 209 209 209 4 209
209 4 202 202 202 4 209 209 209 4 209
209 4 202 202 202 4 209 209 209 4 209
4 4 4 4 4 4 4 206 4 4 4
0 0 0 0 0 0 0 0 0 0 0
0 0 0 0 0 0 0 0 0 4 4
0 0 0 0 0 0 0 0 0 96 94

94 96 0 0 0 0 0 0 0 0 0
4 4 0 0 0 0 0 0 0 0 0
0 0 0 0 0 0 0 0 0 0 0
4 4 203 4 4 4 4 4 4 4 4
4 209 209 209 209 4 202 202 202 202 4
4 209 209 209 209 4 202 202 202 202 4
4 209 209 209 209 4 202 202 202 202 4
4 209 209 209 209 4 202 202 202 202 4
4 4 4 203 4 4 4 4 4 4 4
0 0 0 0 0 0 0 0 0 0 64
0 0 0 0 0 0 0 0 0 0 95

95 0 0 0 0 0 0 0 0 0 0
69 0 0 0 0 0 0 0 0 0 0
4 4 4 4 4 4 4 4 206 4 4
202 202 202 202 202 4 209 209 209 209 209
202 202 202 202 202 4 209 209 209 209 209
202 202 202 202 202 4 209 209 209 209 209
202 202 202 202 202 4 209 209 209 209 209
202 202 202 202 202 4 209 209 209 209 209
4 4 4 4 4 4 4 4 206 4 4
96 0 0 0 0 0 0 0 0 0 0
94 4 0 0 0 0 0 0 0 0 0

0 0 0 0 0 0 0 0 0 0 0
0 4 206 4 4 4 4 4 4 4 0
0 4 209 209 209 209 209 209 209 4 0
0 4 209 209 209 209 209 4 209 4 0
0 4 209 209 4 209 209 209 209 4 0
0 4 209 209 209 209 4 209 209 4 0
0 4 209 209 4 209 209 209 209 4 0
0 4 209 209 209 209 209 209 209 4 0
0 4 4 4 4 4 4 4 206 4 0
0 0 0 0 0 0 0 0 0 0 0
95 0 0 0 0 0 0 0 0 0 94

94 96 0 0 0 0 0 0 0 0 0
4 4 0 0 0 0 0 0 0 0 0
0 0 0 0 0 0 0 0 0 0 0
0 0 201 201 201 0 201 201 201 0 0
0 0 201 0 201 0 201 0 201 0 0
0 0 201 201 201 0 201 201 201 0 0
0 0 201 0 201 0 201 0 201 0 0
0 0 201 201 201 0 201 201 201 0 0
0 0 0 0 0 0 0 0 0 0 0
0 0 0 0 0 0 0 0 0 0 0
70 0 0 0 0 0 0 0 0 0 95

95 0 65 4 0 0 0 0 0 0 0
4 206 4 4 4 4 4 4 4 4 4
205 206 206 205 205 205 205 205 206 205 206
203 205 206 203 204 204 205 206 205 203 206
203 204 201 206 205 201 203 206 201 204 204
205 206 204 206 203 205 206 204 205 206 203
203 204 206 204 203 205 205 206 206 201 206
206 204 204 205 201 203 204 206 206 205 206
205 205 205 203 204 204 203 204 205 206 205
4 4 4 4 4 4 4 4 4 206 4
0 0 0 0 0 0 0 0 4 0 94

94 0 0 0 0 0 0 0 0 0 0
4 4 4 4 4 4 4 4 4 4 0
202 202 202 202 201 202 202 202 202 4 0
202 201 201 202 201 202 202 202 202 4 0
202 201 202 202 201 201 201 201 202 4 0
202 201 202 202 202 202 202 201 202 4 0
202 202 201 201 201 201 202 201 202 4 0
201 202 202 201 202 202 202 201 202 4 0
202 202 202 201 202 201 201 201 202 4 0
202 202 202 201 202 202 201 202 202 4 0
201 202 202 201 201 202 202 202 201 4 95

95 0 0 66 4 94 96 0 0 0 0
4 4 206 4 4 4 4 4 4 4 0
201 201 201 201 201 201 201 201 201 4 0
201 201 201 201 201 201 201 201 201 4 0
201 201 201 201 201 201 201 201 201 4 0
201 201 201 201 201 201 201 201 201 4 0
201 201 201 201 201 201 201 201 201 4 0
201 201 201 201 201 201 201 201 201 4 0
201 201 201 201 201 201 201 201 201 4 0
201 201 201 201 201 201 201 201 201 205 0
201 201 201 201 201 201 201 201 201 4 0

0 0 0 0 0 95 0 0 0 0 0
0 0 0 0 0 0 67 0 0 0 0
0 0 0 0 0 0 0 0 0 0 0
0 0 201 201 201 0 201 201 201 0 0
0 0 201 0 201 0 201 0 201 0 0
0 0 201 201 201 0 201 201 201 0 0
0 0 201 0 201 0 201 0 201 0 0
0 0 201 201 201 0 201 201 201 0 0
0 0 0 0 0 0 0 0 0 0 0
0 0 0 0 4 96 4 0 0 0 0
0 0 0 0 4 94 4 0 0 0 0

94 96 0 0 0 4 0 0 0 0 0
4 4 4 4 0 4 0 0 0 0 0
0 0 4 4 203 4 4 0 0 0 0
0 4 4 0 0 0 4 0 0 0 0
0 4 0 0 4 0 4 4 0 4 4
0 4 0 0 210 210 209 4 4 4 68
0 4 0 210 0 210 209 210 0 204 0
0 4 0 209 209 209 211 0 4 4 0
0 4 4 0 0 211 0 4 4 0 0
0 0 4 4 4 4 4 4 0 0 4
0 0 0 0 4 95 0 0 0 4 4

95 4 0 0 0 0 0 0 0 4 94
0 4 0 0 0 0 0 0 0 4 96
0 4 4 4 4 4 4 4 0 4 0
0 4 0 0 0 0 0 4 4 4 0
0 205 0 210 4 210 210 0 0 205 0
71 4 0 0 0 210 209 4 4 4 0
4 4 4 209 211 211 209 211 209 4 4
0 0 4 4 0 0 0 4 4 4 0
0 0 0 4 0 0 4 4 0 0 0
0 0 0 4 4 4 4 0 0 0 0
0 0 0 0 0 0 0 0 0 0 0

0 0 0 0 0 0 0 0 0 0 95
4 4 4 4 4 206 4 4 4 4 4
0 0 0 0 0 0 0 0 0 0 0
4 206 4 4 4 206 4 4 4 206 4
0 0 0 4 0 0 0 4 0 0 0
0 33 0 4 0 34 0 4 0 35 0
0 0 0 4 0 0 0 4 0 0 0
4 206 4 4 4 206 4 4 4 206 4
0 0 0 0 0 0 0 0 0 0 0
4 4 4 4 4 206 4 4 4 4 4
94 0 0 0 0 0 0 0 0 0 0

0 0 0 0 0 0 0 0 0 0 208
0 209 209 209 0 0 0 209 209 209 0
0 209 0 0 0 0 0 0 0 209 0
0 209 0 209 209 0 209 209 0 209 0
0 0 209 0 0 209 0 0 209 0 0
0 0 209 0 0 72 0 0 209 0 0
0 0 0 209 0 0 0 209 0 0 0
0 209 0 0 209 0 209 0 0 209 0
0 209 0 0 0 209 0 0 0 209 0
0 209 209 209 0 0 0 209 209 209 0
95 0 0 0 0 0 0 0 0 0 0
